000000110000010101110110000100000010
110001000010110001001110110001000010
000101000010100000000000001001000001
110001000010100000001000110001000010
110001000100110001000000110001000100
110001000100110001000000100000000000
000101000010100001001100001001001001
100000001000110001001100100000001000
000011000000000010000000000011000000
000011000000000010000000011011010000
100000010000100100110000100000100010
100000000000100000000000110001000100
101000001001101000111001100000111000
101000001000101000100000100000001010
000101000010100000001000001001000001
110001001010110001001001100000000000
000101000010100000001000001001000011
110001001010111001001001100000100010
110001000010111001001110001001001101
010011000100000010000000000010000000
100000001000100000001000001001000001
001000000001001000110001000000110000
001000110001001000110001001100110011
001000000001000000110000000100000010
001000000001000010110000000010000000
010001000101000000010000010101000100